NAME = AISearchfile100,
SIZE = 100,
99, 95, 20, 20, 33, 68, 46, 3, 4, 98, 51, 41, 18, 13, 79, 49, 76, 27, 73, 13, 76, 73, 83, 83, 27, 57, 59, 68, 52, 15, 30, 41, 9, 55, 27, 64, 45, 3, 97, 34, 87, 3, 93, 17, 39, 74, 20, 94, 19, 5, 6, 84, 71, 94, 37, 58, 83, 72, 42, 78, 57, 19, 28, 64, 21, 6, 4, 86, 7, 30, 73, 42, 21, 38, 59, 41, 54, 93, 20, 63, 52, 67, 46, 49, 7, 64, 46, 66, 88, 96, 94, 81, 66, 22, 24, 83, 5, 91, 92,
99, 29, 59, 24, 33, 12, 41, 51, 37, 61, 38, 42, 15, 52, 64, 84, 30, 91, 19, 34, 27, 72, 73, 12, 77, 71, 100, 67, 30, 75, 97, 72, 55, 12, 100, 80, 50, 35, 42, 37, 85, 45, 52, 94, 2, 50, 73, 33, 36, 75, 91, 32, 49, 19, 75, 99, 3, 76, 67, 62, 39, 79, 30, 8, 53, 88, 58, 53, 52, 26, 52, 41, 91, 64, 34, 64, 44, 56, 19, 59, 19, 52, 97, 89, 28, 28, 24, 65, 78, 89, 1, 18, 32, 2, 86, 43, 54, 40,
29, 50, 100, 57, 30, 83, 50, 60, 18, 73, 23, 52, 100, 96, 47, 14, 1, 99, 45, 92, 13, 79, 58, 84, 45, 71, 93, 59, 99, 33, 6, 85, 6, 93, 46, 71, 61, 26, 15, 17, 59, 97, 47, 34, 69, 45, 51, 17, 93, 55, 20, 50, 93, 27, 81, 21, 11, 80, 56, 98, 44, 70, 3, 28, 81, 79, 95, 99, 55, 24, 41, 35, 61, 14, 53, 23, 55, 52, 18, 29, 22, 74, 76, 92, 53, 88, 30, 5, 90, 13, 99, 45, 18, 30, 4, 96, 22,
98, 87, 27, 87, 41, 80, 28, 1, 19, 40, 17, 85, 49, 41, 66, 35, 35, 64, 35, 53, 16, 30, 87, 11, 5, 45, 74, 36, 41, 39, 43, 63, 12, 100, 14, 55, 14, 71, 42, 34, 29, 28, 59, 57, 41, 85, 70, 93, 95, 88, 27, 68, 81, 72, 30, 75, 76, 7, 85, 42, 13, 33, 82, 96, 47, 83, 76, 72, 37, 50, 97, 90, 63, 61, 100, 57, 85, 68, 96, 32, 68, 54, 43, 13, 31, 30, 93, 31, 90, 2, 22, 15, 100, 20, 72, 88,
98, 12, 72, 27, 26, 99, 2, 34, 71, 35, 45, 9, 37, 95, 44, 47, 72, 3, 47, 16, 82, 19, 99, 40, 46, 22, 78, 87, 27, 42, 58, 45, 88, 26, 90, 84, 45, 75, 20, 86, 51, 37, 92, 94, 80, 38, 75, 10, 72, 47, 56, 71, 14, 100, 84, 7, 36, 87, 3, 51, 57, 38, 74, 21, 67, 60, 89, 64, 92, 1, 69, 86, 2, 57, 15, 87, 62, 35, 71, 44, 58, 56, 59, 56, 12, 65, 29, 27, 81, 36, 20, 68, 43, 80, 69,
31, 19, 72, 96, 99, 100, 18, 99, 47, 45, 5, 34, 71, 50, 58, 60, 72, 71, 26, 67, 50, 89, 100, 13, 44, 86, 13, 80, 51, 27, 24, 55, 28, 27, 43, 60, 91, 85, 36, 2, 59, 84, 20, 21, 16, 29, 100, 18, 83, 68, 23, 30, 40, 18, 91, 15, 20, 71, 33, 8, 48, 89, 92, 44, 72, 9, 83, 66, 40, 12, 37, 45, 45, 65, 90, 37, 100, 21, 83, 76, 46, 97, 34, 35, 67, 51, 19, 10, 44, 82, 75, 79, 15, 47,
47, 38, 90, 19, 94, 66, 85, 85, 5, 65, 91, 55, 64, 41, 100, 46, 96, 47, 32, 69, 67, 32, 75, 57, 95, 29, 27, 61, 9, 68, 53, 22, 47, 6, 1, 31, 42, 80, 77, 12, 23, 52, 15, 28, 52, 29, 52, 15, 98, 81, 29, 69, 83, 93, 17, 78, 100, 15, 13, 7, 53, 29, 38, 3, 18, 61, 73, 61, 22, 44, 28, 48, 63, 36, 78, 85, 76, 22, 91, 18, 83, 26, 68, 48, 34, 83, 16, 54, 8, 11, 5, 40, 24,
58, 4, 57, 31, 28, 94, 66, 78, 77, 5, 63, 73, 92, 31, 67, 66, 10, 60, 42, 32, 23, 53, 12, 91, 29, 50, 88, 94, 21, 85, 66, 51, 4, 65, 74, 96, 44, 71, 12, 94, 21, 17, 18, 35, 8, 90, 40, 98, 70, 12, 56, 45, 4, 88, 84, 76, 27, 55, 33, 52, 36, 34, 35, 77, 81, 1, 80, 57, 74, 50, 31, 100, 8, 50, 93, 49, 54, 57, 25, 62, 62, 12, 79, 58, 100, 74, 44, 86, 6, 7, 89, 95,
66, 53, 55, 51, 90, 2, 4, 90, 37, 27, 78, 31, 26, 80, 88, 46, 99, 4, 38, 6, 30, 98, 21, 100, 72, 12, 76, 71, 5, 72, 27, 93, 33, 76, 90, 9, 100, 32, 98, 26, 45, 62, 75, 88, 91, 65, 68, 4, 94, 57, 2, 7, 15, 24, 64, 46, 91, 79, 60, 73, 86, 72, 35, 11, 13, 63, 40, 62, 54, 26, 68, 56, 17, 41, 86, 69, 55, 55, 17, 41, 54, 79, 55, 32, 14, 74, 76, 33, 46, 47, 80,
30, 57, 25, 18, 28, 6, 84, 14, 26, 38, 78, 70, 7, 5, 89, 83, 23, 88, 48, 71, 27, 57, 52, 60, 76, 17, 6, 20, 81, 86, 59, 62, 64, 48, 34, 7, 53, 79, 29, 65, 98, 98, 71, 58, 82, 41, 27, 55, 61, 66, 13, 9, 17, 70, 14, 54, 88, 21, 6, 60, 22, 94, 65, 83, 57, 97, 13, 72, 2, 43, 81, 7, 59, 39, 65, 40, 84, 87, 8, 22, 70, 21, 20, 57, 43, 82, 71, 67, 34, 97,
53, 100, 71, 67, 5, 80, 26, 43, 65, 32, 38, 17, 15, 56, 94, 73, 84, 34, 7, 28, 30, 65, 55, 28, 85, 55, 53, 24, 66, 6, 43, 33, 32, 10, 47, 11, 53, 26, 3, 26, 73, 98, 61, 44, 74, 11, 34, 93, 46, 54, 1, 11, 81, 32, 27, 1, 65, 48, 90, 77, 83, 23, 40, 13, 21, 17, 17, 57, 45, 77, 62, 12, 60, 45, 58, 5, 51, 40, 74, 95, 56, 12, 13, 54, 93, 86, 63, 100, 12,
56, 20, 14, 84, 65, 59, 39, 100, 7, 33, 13, 49, 26, 74, 62, 8, 20, 80, 99, 41, 37, 62, 26, 17, 47, 41, 5, 21, 47, 21, 37, 79, 90, 70, 32, 24, 62, 20, 62, 37, 30, 19, 95, 31, 87, 34, 76, 54, 50, 61, 78, 98, 14, 10, 79, 40, 24, 63, 67, 54, 91, 81, 52, 24, 3, 93, 1, 82, 57, 20, 83, 76, 2, 79, 45, 14, 92, 27, 14, 30, 59, 83, 1, 75, 38, 73, 26, 32,
60, 72, 41, 35, 22, 35, 92, 80, 20, 65, 48, 89, 66, 16, 39, 57, 74, 31, 99, 38, 67, 25, 86, 69, 37, 60, 15, 51, 24, 32, 15, 16, 10, 31, 28, 83, 29, 36, 20, 8, 53, 4, 49, 19, 48, 75, 74, 74, 52, 97, 61, 82, 13, 38, 6, 17, 9, 92, 77, 27, 27, 100, 71, 15, 86, 4, 26, 1, 20, 15, 55, 13, 77, 58, 45, 21, 95, 3, 35, 23, 26, 82, 43, 71, 29, 98, 90,
4, 17, 96, 86, 26, 66, 25, 77, 88, 93, 51, 17, 26, 44, 71, 77, 64, 34, 39, 76, 67, 15, 47, 73, 71, 61, 53, 57, 55, 23, 91, 82, 38, 100, 17, 97, 69, 57, 91, 97, 9, 85, 47, 17, 28, 36, 16, 84, 30, 39, 51, 88, 27, 37, 45, 78, 28, 8, 36, 7, 37, 95, 7, 21, 14, 82, 55, 100, 85, 71, 4, 91, 33, 9, 67, 46, 26, 22, 44, 24, 61, 92, 35, 57, 82, 15,
46, 52, 34, 5, 9, 8, 74, 12, 53, 79, 72, 83, 24, 22, 40, 29, 51, 81, 77, 90, 79, 60, 13, 87, 58, 96, 87, 24, 96, 75, 100, 72, 23, 73, 44, 25, 37, 97, 99, 88, 36, 29, 83, 15, 83, 27, 34, 29, 90, 35, 75, 56, 61, 31, 41, 25, 61, 77, 46, 43, 12, 10, 94, 73, 72, 87, 44, 3, 93, 10, 71, 55, 37, 17, 86, 50, 70, 9, 98, 87, 32, 83, 25, 23, 74,
18, 86, 19, 35, 5, 10, 58, 3, 69, 79, 12, 46, 50, 94, 78, 6, 23, 24, 22, 40, 24, 45, 59, 86, 69, 77, 74, 98, 30, 80, 71, 28, 43, 88, 69, 100, 27, 27, 81, 79, 3, 51, 23, 60, 32, 39, 48, 87, 45, 55, 86, 2, 85, 92, 38, 46, 28, 37, 63, 9, 41, 48, 64, 48, 81, 64, 45, 22, 32, 25, 72, 77, 79, 80, 83, 60, 65, 40, 81, 92, 41, 30, 53, 62,
76, 70, 91, 68, 88, 55, 11, 59, 55, 35, 76, 72, 93, 52, 32, 27, 30, 99, 83, 25, 84, 59, 31, 16, 8, 88, 95, 45, 72, 37, 62, 37, 100, 65, 90, 25, 73, 64, 3, 88, 9, 82, 43, 41, 61, 61, 10, 53, 63, 49, 48, 65, 26, 79, 61, 69, 81, 64, 20, 67, 22, 45, 31, 95, 19, 17, 42, 74, 52, 29, 51, 49, 52, 90, 90, 2, 39, 68, 28, 24, 10, 11, 58,
56, 20, 31, 97, 8, 17, 88, 98, 2, 37, 5, 82, 62, 35, 95, 29, 57, 39, 26, 8, 40, 96, 85, 18, 81, 11, 93, 39, 81, 44, 2, 86, 42, 42, 14, 41, 64, 13, 11, 73, 16, 47, 84, 86, 7, 58, 84, 2, 23, 95, 25, 68, 73, 51, 94, 69, 38, 83, 73, 60, 32, 9, 55, 8, 2, 86, 4, 95, 13, 19, 71, 99, 76, 99, 65, 1, 40, 63, 22, 100, 10, 80,
28, 75, 66, 44, 53, 90, 47, 14, 79, 96, 38, 42, 35, 4, 53, 71, 51, 11, 86, 85, 96, 56, 70, 9, 8, 96, 81, 11, 8, 73, 58, 60, 2, 30, 56, 26, 40, 38, 18, 24, 4, 70, 55, 79, 99, 69, 100, 29, 5, 74, 49, 59, 40, 40, 89, 28, 89, 64, 84, 68, 95, 42, 79, 18, 37, 90, 80, 13, 98, 26, 1, 33, 66, 71, 51, 79, 76, 23, 73, 80, 66,
1, 64, 19, 91, 54, 89, 1, 93, 65, 94, 100, 26, 59, 91, 85, 69, 10, 79, 19, 64, 2, 5, 48, 39, 98, 33, 48, 4, 7, 47, 84, 78, 13, 75, 72, 35, 22, 3, 87, 64, 24, 100, 63, 54, 61, 92, 74, 88, 60, 2, 77, 45, 87, 65, 16, 57, 35, 43, 97, 20, 66, 56, 26, 42, 8, 41, 58, 98, 78, 80, 40, 17, 57, 42, 16, 45, 40, 40, 42, 25,
62, 13, 46, 32, 52, 4, 72, 18, 44, 70, 38, 70, 8, 77, 63, 43, 87, 63, 26, 10, 73, 37, 4, 99, 46, 92, 61, 77, 71, 5, 91, 75, 62, 77, 48, 14, 14, 81, 55, 36, 19, 77, 63, 70, 66, 84, 73, 25, 91, 27, 5, 73, 73, 98, 64, 47, 28, 57, 51, 59, 12, 17, 27, 50, 100, 73, 64, 49, 54, 11, 70, 68, 27, 73, 68, 74, 46, 100, 20,
56, 40, 89, 15, 87, 63, 39, 11, 15, 57, 52, 93, 8, 91, 70, 22, 9, 29, 52, 86, 23, 59, 93, 72, 22, 36, 45, 32, 89, 62, 56, 76, 41, 72, 32, 8, 13, 15, 78, 98, 28, 53, 3, 100, 77, 84, 10, 40, 28, 79, 10, 47, 87, 48, 11, 36, 50, 41, 42, 96, 30, 72, 54, 7, 72, 60, 37, 88, 38, 78, 65, 43, 23, 64, 39, 42, 59, 6,
88, 12, 87, 48, 48, 4, 58, 38, 65, 49, 5, 59, 92, 87, 88, 65, 49, 58, 32, 56, 79, 17, 77, 97, 89, 10, 54, 33, 53, 99, 12, 77, 77, 72, 4, 91, 21, 35, 10, 13, 50, 46, 18, 73, 17, 15, 3, 79, 82, 28, 27, 100, 71, 62, 42, 52, 1, 80, 42, 51, 23, 87, 97, 75, 80, 64, 25, 30, 14, 37, 83, 37, 24, 15, 58, 39, 5,
99, 17, 81, 18, 15, 58, 57, 63, 33, 38, 93, 48, 31, 85, 58, 15, 48, 59, 23, 33, 93, 87, 45, 40, 87, 49, 77, 74, 57, 17, 22, 29, 61, 69, 11, 35, 23, 71, 35, 84, 10, 87, 63, 51, 41, 17, 83, 4, 43, 68, 76, 19, 20, 13, 39, 11, 98, 23, 21, 89, 93, 25, 90, 45, 98, 28, 38, 75, 11, 35, 62, 38, 97, 3, 6, 82,
59, 77, 58, 77, 63, 81, 65, 38, 16, 62, 79, 86, 24, 56, 3, 100, 19, 6, 25, 26, 36, 5, 91, 92, 79, 34, 14, 16, 6, 72, 84, 53, 31, 20, 89, 31, 91, 87, 78, 18, 47, 29, 31, 70, 23, 42, 76, 44, 76, 32, 95, 28, 23, 28, 28, 47, 31, 63, 55, 72, 48, 73, 44, 6, 26, 34, 16, 86, 23, 41, 40, 77, 94, 61, 86,
7, 28, 29, 48, 83, 15, 38, 64, 5, 60, 13, 65, 15, 75, 69, 51, 83, 13, 18, 10, 95, 38, 74, 42, 68, 59, 28, 77, 63, 95, 94, 57, 35, 38, 52, 86, 81, 40, 9, 76, 30, 21, 21, 92, 29, 76, 66, 25, 67, 93, 79, 92, 29, 84, 68, 83, 15, 21, 50, 60, 9, 50, 59, 72, 56, 66, 63, 67, 60, 4, 12, 48, 98, 21,
30, 65, 57, 4, 47, 82, 69, 58, 53, 83, 5, 49, 53, 64, 46, 56, 68, 95, 49, 27, 4, 83, 28, 35, 100, 47, 80, 85, 78, 16, 81, 18, 50, 67, 83, 18, 5, 53, 49, 10, 21, 27, 64, 73, 91, 53, 35, 76, 69, 69, 94, 55, 58, 1, 29, 42, 100, 85, 54, 26, 70, 81, 100, 81, 23, 38, 76, 31, 76, 55, 95, 2, 53,
87, 22, 47, 6, 43, 56, 58, 31, 26, 3, 4, 96, 57, 68, 22, 67, 67, 55, 18, 37, 87, 35, 64, 73, 8, 64, 22, 18, 25, 40, 92, 55, 86, 65, 52, 57, 73, 1, 36, 7, 63, 9, 78, 11, 20, 90, 28, 94, 5, 32, 29, 50, 18, 31, 67, 69, 3, 72, 7, 89, 5, 15, 38, 55, 97, 52, 17, 30, 48, 9, 56, 54,
20, 85, 36, 11, 12, 2, 85, 77, 97, 21, 92, 24, 40, 87, 73, 86, 31, 89, 62, 45, 47, 45, 28, 54, 12, 22, 60, 58, 6, 51, 94, 74, 21, 47, 21, 51, 16, 92, 27, 26, 32, 23, 95, 31, 45, 76, 3, 39, 80, 55, 51, 94, 95, 13, 11, 46, 14, 80, 89, 32, 45, 56, 20, 11, 92, 80, 84, 84, 99, 1, 59,
71, 82, 30, 94, 30, 45, 43, 3, 12, 85, 56, 98, 25, 15, 70, 87, 24, 4, 88, 65, 4, 45, 63, 84, 69, 94, 50, 21, 77, 55, 18, 94, 24, 80, 100, 53, 19, 35, 92, 8, 3, 34, 91, 51, 35, 44, 51, 27, 9, 13, 22, 54, 22, 16, 32, 1, 5, 24, 83, 76, 75, 80, 85, 58, 75, 78, 74, 81, 9, 21,
27, 94, 61, 41, 83, 90, 21, 84, 36, 63, 80, 39, 72, 55, 41, 9, 18, 12, 98, 57, 69, 31, 95, 96, 10, 37, 58, 19, 10, 22, 5, 88, 89, 91, 5, 94, 30, 28, 80, 11, 86, 39, 63, 79, 25, 9, 36, 51, 31, 8, 28, 34, 96, 31, 44, 45, 19, 10, 37, 15, 14, 95, 37, 6, 81, 31, 59, 5, 39,
46, 26, 4, 11, 53, 69, 23, 21, 83, 90, 58, 92, 28, 67, 97, 87, 73, 64, 74, 100, 64, 2, 97, 95, 71, 14, 19, 99, 18, 47, 42, 34, 5, 5, 81, 81, 84, 19, 88, 89, 81, 85, 24, 36, 83, 53, 91, 33, 57, 19, 21, 80, 71, 8, 93, 7, 23, 15, 30, 87, 100, 12, 96, 97, 74, 29, 69, 92,
76, 57, 96, 46, 22, 69, 80, 62, 33, 66, 95, 80, 24, 12, 7, 90, 56, 68, 30, 21, 63, 78, 35, 14, 79, 49, 72, 89, 42, 81, 16, 39, 51, 82, 67, 88, 68, 68, 97, 60, 14, 11, 53, 55, 90, 92, 35, 49, 97, 41, 62, 55, 76, 54, 72, 76, 55, 67, 56, 9, 83, 38, 10, 62, 67, 7, 56,
39, 51, 55, 15, 83, 42, 49, 66, 2, 35, 24, 10, 39, 48, 81, 53, 67, 43, 66, 79, 75, 40, 54, 9, 72, 92, 99, 87, 53, 36, 88, 24, 44, 75, 78, 12, 36, 68, 22, 32, 93, 10, 33, 90, 45, 22, 24, 46, 12, 55, 64, 87, 64, 97, 82, 24, 33, 67, 82, 48, 8, 10, 52, 81, 26, 65,
95, 79, 41, 84, 43, 87, 75, 83, 44, 40, 68, 39, 70, 99, 21, 51, 87, 50, 4, 80, 92, 81, 81, 45, 7, 66, 13, 98, 84, 68, 74, 52, 67, 36, 52, 95, 56, 10, 90, 71, 62, 45, 53, 30, 55, 54, 54, 30, 14, 81, 75, 29, 95, 9, 26, 80, 79, 90, 62, 69, 20, 8, 15, 96, 54,
92, 27, 54, 17, 54, 13, 22, 17, 96, 58, 22, 77, 95, 79, 88, 38, 51, 44, 72, 84, 52, 89, 9, 53, 70, 77, 15, 29, 43, 72, 77, 71, 37, 74, 92, 21, 11, 97, 30, 57, 98, 90, 2, 34, 24, 2, 65, 92, 50, 98, 72, 56, 84, 58, 75, 35, 1, 78, 98, 43, 36, 82, 19, 44,
19, 76, 48, 94, 77, 8, 84, 40, 56, 56, 33, 16, 77, 53, 78, 72, 45, 76, 57, 83, 21, 61, 86, 97, 97, 24, 41, 65, 24, 50, 47, 96, 85, 42, 59, 59, 63, 54, 13, 55, 59, 77, 95, 70, 2, 85, 61, 49, 27, 49, 30, 76, 42, 47, 30, 44, 13, 53, 31, 18, 94, 44, 20,
58, 63, 82, 28, 53, 92, 92, 31, 1, 61, 65, 66, 1, 59, 2, 3, 53, 28, 19, 72, 37, 18, 32, 73, 68, 20, 90, 98, 59, 91, 69, 31, 71, 42, 36, 96, 9, 92, 92, 84, 71, 23, 16, 24, 22, 65, 56, 86, 34, 43, 76, 18, 57, 68, 3, 32, 43, 64, 92, 75, 15, 61,
61, 53, 54, 56, 66, 36, 10, 57, 34, 33, 45, 28, 89, 53, 40, 44, 9, 95, 81, 17, 35, 98, 7, 67, 18, 2, 48, 85, 91, 43, 16, 23, 3, 77, 19, 42, 37, 27, 82, 27, 63, 21, 19, 80, 66, 99, 7, 26, 83, 98, 15, 67, 29, 99, 53, 19, 5, 22, 75, 91, 43,
20, 45, 91, 62, 17, 4, 9, 24, 58, 15, 28, 67, 42, 42, 84, 100, 19, 41, 98, 73, 65, 2, 78, 70, 14, 76, 17, 79, 49, 82, 61, 41, 32, 48, 60, 15, 66, 50, 55, 31, 34, 86, 43, 42, 75, 62, 91, 6, 10, 3, 95, 46, 43, 54, 87, 71, 99, 11, 47, 60,
14, 57, 36, 66, 79, 16, 9, 78, 8, 83, 52, 44, 30, 29, 12, 66, 43, 50, 66, 65, 81, 37, 57, 66, 57, 61, 29, 53, 92, 49, 88, 47, 64, 90, 17, 77, 47, 21, 14, 45, 76, 40, 14, 29, 97, 35, 17, 90, 68, 87, 7, 93, 82, 98, 98, 56, 87, 45, 85,
29, 40, 90, 36, 75, 77, 78, 96, 95, 9, 47, 7, 67, 34, 65, 35, 90, 55, 28, 57, 95, 62, 9, 78, 5, 52, 72, 13, 68, 26, 53, 61, 93, 84, 22, 65, 31, 23, 97, 59, 56, 89, 71, 28, 75, 49, 54, 30, 62, 7, 14, 82, 91, 40, 61, 54, 85, 95,
71, 67, 53, 24, 55, 29, 94, 48, 34, 9, 47, 91, 18, 36, 62, 10, 20, 28, 42, 9, 31, 83, 70, 51, 21, 49, 86, 35, 70, 78, 5, 56, 12, 78, 58, 76, 99, 96, 17, 47, 63, 95, 93, 88, 83, 80, 65, 5, 75, 93, 23, 34, 16, 94, 84, 51, 80,
48, 65, 100, 52, 1, 31, 1, 3, 16, 78, 26, 42, 27, 78, 91, 57, 30, 92, 94, 47, 69, 29, 46, 2, 47, 91, 24, 54, 19, 33, 26, 10, 44, 67, 67, 46, 24, 84, 79, 37, 69, 46, 31, 88, 64, 74, 96, 66, 2, 83, 45, 82, 26, 46, 81, 65,
95, 32, 90, 22, 91, 6, 2, 12, 86, 94, 73, 27, 81, 14, 1, 70, 72, 60, 14, 88, 12, 47, 58, 97, 42, 31, 58, 4, 32, 8, 95, 61, 98, 99, 67, 93, 35, 73, 78, 1, 86, 73, 11, 4, 19, 15, 80, 23, 35, 80, 97, 62, 82, 88, 75,
85, 82, 3, 61, 93, 96, 1, 39, 67, 66, 20, 71, 19, 5, 10, 57, 97, 8, 70, 21, 92, 91, 19, 75, 66, 2, 57, 59, 8, 4, 30, 87, 15, 41, 12, 8, 24, 63, 3, 75, 25, 23, 7, 78, 21, 17, 38, 50, 13, 74, 72, 75, 82, 11,
82, 66, 32, 1, 40, 66, 47, 88, 11, 1, 56, 3, 7, 43, 24, 54, 93, 31, 11, 41, 63, 33, 94, 93, 100, 53, 98, 49, 79, 76, 61, 53, 3, 91, 9, 57, 39, 97, 39, 61, 76, 83, 3, 6, 32, 93, 24, 76, 53, 52, 99, 73, 52,
39, 87, 8, 84, 65, 84, 85, 47, 58, 66, 94, 11, 28, 66, 75, 40, 72, 51, 23, 66, 98, 44, 2, 86, 34, 66, 74, 64, 32, 4, 57, 88, 88, 76, 77, 62, 44, 33, 71, 84, 68, 95, 58, 51, 51, 4, 96, 11, 8, 88, 1, 14,
96, 45, 99, 44, 23, 28, 65, 19, 20, 70, 98, 46, 10, 13, 94, 5, 44, 38, 3, 23, 86, 82, 24, 35, 98, 62, 1, 66, 9, 23, 55, 81, 11, 29, 22, 90, 21, 62, 6, 3, 2, 23, 85, 49, 43, 18, 64, 82, 18, 34, 1,
84, 25, 54, 16, 92, 29, 7, 71, 34, 77, 2, 24, 8, 55, 65, 7, 84, 32, 89, 81, 18, 10, 61, 49, 20, 56, 12, 58, 55, 35, 65, 44, 77, 40, 20, 98, 42, 20, 29, 49, 38, 29, 3, 33, 86, 22, 82, 78, 52, 7,
42, 17, 37, 34, 67, 92, 77, 52, 27, 23, 50, 85, 9, 33, 45, 80, 87, 1, 61, 51, 62, 75, 39, 50, 83, 11, 57, 23, 29, 7, 80, 30, 23, 17, 30, 59, 87, 100, 93, 8, 99, 50, 60, 28, 95, 20, 10, 93, 47,
45, 75, 35, 37, 42, 39, 22, 24, 46, 71, 73, 69, 3, 44, 44, 71, 30, 9, 64, 32, 47, 5, 49, 16, 50, 77, 36, 77, 3, 73, 57, 26, 5, 10, 91, 62, 67, 13, 15, 40, 10, 3, 34, 41, 68, 47, 91, 12,
4, 14, 57, 65, 72, 42, 26, 72, 33, 83, 42, 9, 16, 73, 78, 52, 56, 50, 44, 26, 23, 81, 44, 99, 21, 84, 94, 49, 44, 83, 26, 39, 75, 22, 69, 86, 65, 33, 82, 83, 100, 27, 1, 57, 8, 99, 78,
54, 80, 56, 46, 40, 38, 100, 82, 64, 96, 54, 49, 65, 29, 92, 10, 30, 80, 99, 64, 47, 61, 19, 15, 27, 47, 60, 36, 32, 32, 5, 60, 67, 2, 34, 11, 10, 30, 73, 67, 13, 41, 66, 63, 68, 25,
92, 72, 63, 28, 96, 43, 65, 90, 30, 88, 36, 87, 10, 50, 14, 18, 69, 1, 46, 46, 22, 67, 11, 52, 60, 61, 44, 50, 42, 59, 18, 77, 47, 76, 5, 45, 12, 25, 44, 34, 52, 44, 68, 29, 96,
71, 97, 86, 38, 44, 41, 27, 53, 12, 28, 25, 62, 12, 79, 84, 39, 22, 69, 17, 83, 22, 39, 90, 7, 18, 10, 42, 24, 55, 1, 64, 44, 7, 34, 90, 36, 75, 69, 28, 88, 18, 66, 82, 74,
54, 97, 5, 24, 62, 59, 21, 35, 24, 92, 59, 34, 53, 15, 33, 17, 25, 16, 52, 60, 43, 78, 49, 63, 14, 54, 63, 63, 88, 37, 41, 1, 45, 51, 79, 68, 7, 88, 2, 98, 56, 85, 48,
96, 12, 37, 14, 80, 41, 64, 53, 90, 85, 84, 2, 39, 12, 44, 24, 2, 89, 65, 52, 27, 57, 10, 89, 56, 18, 26, 46, 54, 96, 34, 48, 10, 2, 72, 29, 27, 56, 1, 47, 71, 85,
48, 22, 50, 96, 50, 27, 3, 46, 78, 40, 2, 41, 84, 8, 60, 80, 18, 88, 47, 81, 27, 32, 43, 10, 40, 72, 14, 100, 72, 41, 4, 59, 58, 49, 43, 2, 51, 23, 8, 83, 58,
38, 92, 13, 74, 1, 36, 1, 63, 71, 80, 89, 64, 53, 30, 84, 75, 73, 41, 64, 74, 82, 63, 72, 41, 21, 94, 87, 100, 45, 32, 56, 27, 59, 2, 89, 46, 92, 71, 86, 5,
78, 10, 22, 23, 47, 44, 37, 83, 23, 89, 72, 4, 64, 94, 10, 41, 26, 37, 86, 53, 50, 87, 84, 99, 61, 9, 18, 54, 10, 27, 60, 73, 45, 56, 77, 35, 95, 98, 58,
24, 46, 79, 50, 25, 64, 94, 97, 25, 43, 71, 6, 34, 30, 6, 27, 78, 98, 24, 89, 29, 14, 41, 39, 27, 21, 46, 86, 46, 30, 9, 32, 83, 20, 17, 26, 48, 48,
93, 35, 89, 8, 3, 20, 59, 59, 42, 51, 6, 35, 59, 92, 84, 100, 26, 45, 23, 8, 46, 56, 29, 13, 66, 43, 38, 39, 68, 81, 35, 20, 39, 66, 27, 71, 66,
52, 17, 15, 88, 26, 78, 90, 55, 100, 34, 16, 96, 25, 45, 41, 79, 75, 94, 82, 51, 26, 49, 22, 75, 38, 77, 88, 43, 40, 100, 71, 63, 44, 39, 36, 63,
61, 72, 41, 24, 59, 2, 14, 34, 25, 33, 95, 80, 91, 2, 96, 53, 31, 86, 99, 71, 84, 97, 78, 18, 54, 84, 86, 86, 43, 23, 30, 80, 22, 43, 41,
75, 31, 39, 51, 20, 79, 66, 90, 35, 19, 20, 87, 76, 88, 32, 54, 75, 15, 85, 14, 23, 28, 13, 4, 54, 18, 60, 7, 40, 68, 46, 40, 61, 24,
57, 23, 62, 59, 80, 16, 99, 54, 13, 83, 47, 53, 34, 44, 77, 86, 2, 7, 22, 52, 57, 10, 37, 23, 18, 73, 59, 44, 63, 97, 22, 44, 11,
27, 15, 83, 9, 69, 99, 69, 41, 6, 5, 92, 62, 60, 36, 37, 37, 23, 71, 79, 61, 20, 17, 5, 57, 62, 3, 100, 48, 6, 34, 12, 78,
50, 33, 8, 99, 21, 82, 96, 4, 58, 25, 67, 91, 28, 34, 68, 44, 93, 28, 15, 44, 75, 60, 60, 9, 23, 17, 13, 92, 41, 74, 77,
65, 58, 43, 88, 54, 43, 42, 83, 33, 51, 61, 57, 82, 50, 91, 98, 44, 14, 15, 10, 40, 11, 52, 8, 22, 86, 54, 58, 46, 7,
98, 16, 30, 51, 74, 60, 72, 37, 58, 88, 28, 39, 81, 55, 73, 73, 51, 32, 81, 69, 6, 41, 3, 10, 62, 4, 83, 85, 96,
58, 81, 69, 86, 12, 25, 94, 63, 90, 83, 100, 8, 80, 13, 50, 49, 73, 49, 31, 99, 25, 67, 45, 83, 72, 29, 3, 47,
10, 10, 84, 7, 86, 75, 40, 15, 65, 4, 30, 85, 99, 50, 31, 9, 68, 47, 51, 69, 62, 15, 61, 72, 75, 27, 22,
59, 59, 48, 61, 23, 88, 31, 96, 17, 38, 18, 76, 84, 3, 65, 52, 2, 30, 51, 43, 84, 38, 4, 57, 84, 14,
35, 71, 93, 56, 82, 59, 97, 88, 84, 59, 42, 11, 67, 4, 38, 21, 64, 74, 55, 79, 8, 100, 96, 15, 19,
81, 68, 97, 80, 88, 30, 93, 63, 80, 25, 71, 71, 61, 3, 15, 39, 35, 32, 65, 26, 58, 21, 7, 87,
97, 42, 91, 35, 8, 12, 84, 58, 35, 32, 35, 99, 20, 41, 5, 6, 20, 58, 64, 61, 3, 12, 36,
72, 51, 89, 63, 99, 14, 81, 83, 61, 75, 27, 6, 89, 2, 3, 5, 79, 97, 85, 3, 85, 5,
8, 100, 28, 73, 78, 30, 75, 68, 49, 31, 29, 94, 50, 64, 31, 47, 47, 96, 52, 20, 95,
34, 97, 87, 41, 35, 48, 94, 63, 23, 37, 2, 31, 70, 29, 41, 13, 2, 33, 88, 35,
71, 58, 17, 42, 48, 10, 51, 50, 3, 25, 91, 41, 75, 16, 66, 27, 45, 38, 74,
76, 53, 57, 81, 14, 44, 8, 39, 51, 92, 97, 11, 4, 7, 14, 70, 85, 51,
1, 90, 78, 69, 98, 86, 63, 24, 12, 79, 12, 74, 72, 13, 78, 24, 90,
63, 84, 83, 29, 68, 65, 67, 76, 89, 32, 55, 25, 81, 44, 26, 90,
37, 98, 95, 87, 78, 1, 76, 3, 12, 22, 38, 87, 36, 75, 16,
63, 57, 24, 5, 24, 93, 7, 43, 66, 17, 21, 75, 89, 74,
48, 13, 34, 70, 9, 7, 2, 36, 68, 62, 46, 90, 39,
88, 69, 98, 47, 94, 58, 25, 87, 31, 67, 51, 65,
19, 17, 43, 92, 52, 54, 48, 5, 70, 59, 13,
34, 39, 63, 53, 85, 65, 5, 53, 22, 40,
85, 23, 27, 32, 13, 53, 94, 51, 11,
56, 5, 38, 28, 57, 38, 63, 17,
85, 98, 9, 63, 93, 8, 13,
1, 24, 33, 29, 39, 68,
32, 68, 38, 38, 46,
36, 30, 66, 48,
70, 54, 3,
44, 64,
16